0.000000	0.480799	0.439698	0.513766	0.881210	0.476346	0.482856	0.453822	0.629596	0.497623	0.830354	0.555341
0.480799	0.000000	0.550646	0.244948	0.884467	0.218807	0.544412	0.283667	0.707333	0.259345	0.849092	0.253730
0.439698	0.550646	0.000000	0.596881	0.696233	0.588742	0.317209	0.572076	0.476049	0.581042	0.643715	0.629890
0.513766	0.244948	0.596881	0.000000	0.875246	0.237002	0.510200	0.250294	0.680650	0.182379	0.830890	0.187793
0.881210	0.884467	0.696233	0.875246	0.000000	0.885562	0.680097	0.882637	0.370920	0.880022	0.122711	0.887138
0.476346	0.218807	0.588742	0.237002	0.885562	0.000000	0.542754	0.213775	0.702887	0.216561	0.846616	0.244273
0.482856	0.544412	0.317209	0.510200	0.680097	0.542754	0.000000	0.527741	0.377770	0.517128	0.624349	0.542080
0.453822	0.283667	0.572076	0.250294	0.882637	0.213775	0.527741	0.000000	0.700229	0.223746	0.843125	0.281995
0.629596	0.707333	0.476049	0.680650	0.370920	0.702887	0.377770	0.700229	0.000000	0.691611	0.333142	0.707721
0.497623	0.259345	0.581042	0.182379	0.880022	0.216561	0.517128	0.223746	0.691611	0.000000	0.839765	0.180091
0.830354	0.849092	0.643715	0.830890	0.122711	0.846616	0.624349	0.843125	0.333142	0.839765	0.000000	0.849010
0.555341	0.253730	0.629890	0.187793	0.887138	0.244273	0.542080	0.281995	0.707721	0.180091	0.849010	0.000000
